83 48
204 522 720 981 275 521 289 285 527 59 951 60 593 217 215 777 206 132 693 298 880 173 105 910 755 364 435 455 518 315 266 444 647 632 943 310 660 358 119 731 527 410 288 323 454 646 578 627 
497 403 995 180 508 854 96 354 775 17 781 851 890 543 180 596 694 182 359 317 777 459 465 278 281 797 687 603 45 858 347 846 236 467 153 369 433 192 995 291 100 406 225 712 842 891 210 84 
10 89 401 150 886 753 834 55 586 540 40 870 850 381 853 899 474 293 446 896 278 33 393 442 281 65 405 785 56 494 609 804 94 844 985 719 178 319 379 111 7 332 993 645 15 220 5 376 
92 160 691 812 69 219 474 918 430 576 233 838 148 693 272 305 210 307 37 956 778 710 840 623 942 437 668 207 624 318 159 791 800 717 658 194 762 803 798 691 224 623 310 190 399 564 154 61 
449 649 703 80 739 474 333 683 80 959 203 125 156 620 720 779 807 918 397 877 772 510 39 450 108 993 781 657 283 390 912 140 204 878 137 70 310 843 357 247 946 840 954 724 818 483 740 899 
686 89 908 246 654 72 990 744 150 784 739 811 211 399 256 794 165 842 247 928 408 986 994 193 563 598 285 617 483 1 385 97 512 604 468 183 421 425 817 775 394 199 558 306 254 22 279 930 
852 228 152 940 350 73 972 582 52 855 311 440 161 741 675 450 451 199 574 119 754 180 807 874 239 749 563 761 419 694 719 584 549 299 989 419 180 222 396 805 566 70 364 854 118 944 533 480 
707 924 997 981 264 955 359 820 385 314 623 611 641 524 630 708 641 685 370 170 343 16 961 439 85 751 788 10 489 854 943 306 44 196 198 246 759 38 459 723 301 349 821 520 317 832 715 384 
9 796 661 81 477 984 471 720 889 34 143 615 344 657 59 969 526 479 179 153 181 460 265 673 77 883 196 971 715 404 54 611 900 677 974 3 891 387 646 3 291 105 268 926 474 481 625 164 
781 867 425 697 466 719 256 828 780 782 857 202 565 768 315 514 587 680 901 74 85 168 255 569 170 782 485 899 811 190 495 241 734 502 373 687 685 727 823 794 96 20 334 948 57 861 71 140 
382 263 517 251 967 269 512 86 230 188 330 574 479 857 169 414 876 629 1 903 103 397 672 567 221 144 440 21 988 623 220 662 690 725 912 188 897 309 681 615 946 764 355 748 271 756 1000 813 
729 331 774 465 391 585 158 536 439 274 464 205 409 934 303 905 682 669 920 889 909 379 938 606 884 576 593 241 441 639 451 489 380 267 102 933 940 618 750 478 806 635 712 357 246 883 973 882 
359 808 328 317 965 778 781 430 117 271 88 898 377 931 104 622 480 199 945 473 547 292 31 92 203 291 173 305 146 27 737 200 22 425 734 258 957 802 879 112 810 538 368 317 194 60 920 780 
243 200 739 219 201 349 700 203 78 350 913 424 633 136 745 390 269 173 152 253 444 635 224 806 692 963 443 389 145 662 706 185 917 444 877 859 297 737 834 554 912 555 150 647 482 181 260 634 
261 488 145 601 182 252 716 51 258 179 71 292 942 45 919 983 47 682 556 567 422 872 626 14 748 222 917 866 340 871 134 507 459 700 222 889 594 781 310 313 572 659 490 959 962 261 599 443 
8 33 397 343 360 381 590 376 929 244 455 527 53 328 597 975 623 921 440 728 560 815 401 709 786 977 218 84 515 828 163 224 475 396 564 675 563 625 943 820 95 349 495 631 396 941 787 921 
339 896 805 752 99 218 706 481 559 17 725 914 579 942 149 910 419 569 437 339 145 379 691 916 719 108 41 140 75 508 899 92 230 680 69 881 692 471 582 529 112 300 225 185 854 801 735 203 
374 127 674 608 423 418 488 627 566 929 788 835 728 567 35 950 951 903 737 265 484 112 711 408 761 859 214 457 178 280 683 997 647 19 620 304 637 459 366 100 439 795 704 518 922 125 152 20 
778 297 320 137 553 303 211 799 588 890 403 514 321 727 874 42 164 28 897 538 699 426 472 608 705 793 771 221 892 869 318 281 965 701 286 957 905 732 994 830 242 105 721 428 247 959 566 13 
827 987 875 650 714 980 538 548 556 318 925 324 69 484 717 100 387 997 113 471 480 765 141 228 669 853 638 560 588 1 398 707 425 621 141 531 720 722 204 505 956 403 848 905 816 333 176 500 
424 168 291 453 148 505 588 375 377 785 577 766 436 821 858 106 723 705 296 97 890 462 700 188 695 592 234 121 894 252 109 630 283 572 530 226 447 468 118 838 441 927 975 715 755 120 285 55 
107 851 421 287 387 481 894 226 865 593 261 364 528 549 311 294 737 78 18 77 371 170 426 779 702 348 749 307 498 547 191 584 204 245 79 531 778 266 508 375 854 630 587 308 608 470 688 216 
324 719 961 377 56 601 260 810 359 221 565 261 22 215 881 317 527 709 114 342 294 777 378 309 612 560 148 182 220 738 263 983 944 308 305 459 97 158 544 670 118 822 100 257 349 716 95 329 
299 106 583 465 628 650 457 566 392 550 570 711 586 542 704 627 734 763 222 1 754 510 520 222 776 2 720 324 961 577 899 821 633 142 27 662 873 256 338 131 7 136 753 637 920 283 1000 517 
454 838 154 652 482 0 607 516 898 659 332 189 742 538 732 649 142 360 0 253 319 706 203 852 571 162 345 729 570 36 781 733 369 130 500 340 405 178 278 993 880 584 325 661 36 807 418 325 
6 408 540 47 187 256 613 229 495 48 478 308 83 142 797 217 573 810 934 22 578 67 917 215 679 148 572 307 326 63 630 221 969 506 162 146 364 694 242 423 489 319 764 924 406 357 172 303 
456 149 347 205 984 159 755 670 287 500 691 188 819 194 419 896 68 187 400 670 669 953 146 246 356 600 564 679 475 170 620 772 709 998 380 891 276 156 404 233 260 951 521 183 120 766 688 561 
175 615 529 27 114 235 229 902 405 564 987 696 100 279 498 473 585 512 683 101 565 965 64 437 453 592 704 664 774 342 982 290 929 0 44 123 646 154 512 720 35 253 887 124 285 853 11 234 
903 484 861 886 365 433 841 202 17 885 307 23 246 961 434 77 529 921 191 148 346 323 659 951 682 547 601 871 232 1 749 746 512 279 795 842 385 146 691 842 200 599 410 209 206 807 84 838 
6 265 222 315 286 300 920 762 343 369 216 864 73 308 144 86 564 573 113 63 1 634 422 855 486 610 368 663 250 329 30 81 161 25 612 126 940 848 924 452 315 15 298 583 76 298 545 993 
564 145 398 667 785 423 220 333 247 629 490 848 112 186 808 768 885 768 578 576 181 936 679 441 458 618 162 271 235 495 351 119 997 348 241 54 973 455 918 556 832 945 831 779 989 978 6 984 
838 897 353 212 613 270 46 71 932 619 135 660 210 102 140 247 967 905 515 653 734 142 402 193 681 685 194 231 533 510 865 204 246 659 386 341 500 500 263 869 927 94 496 565 329 531 71 283 
611 848 511 649 434 635 998 304 798 549 396 737 273 324 260 563 426 873 140 290 777 481 419 692 997 901 803 765 378 925 421 850 104 782 65 512 839 21 350 605 220 609 469 116 198 907 866 581 
938 726 293 411 305 803 982 583 193 262 92 856 546 638 845 164 183 684 760 5 911 866 223 466 551 978 193 213 962 211 55 967 693 187 537 344 412 735 536 977 402 979 152 194 954 964 112 99 
675 573 131 116 541 407 286 383 954 405 831 893 413 403 524 288 378 121 575 222 559 18 43 225 804 688 722 892 916 935 108 184 650 101 991 651 821 888 264 774 627 419 923 44 335 585 819 769 
770 440 534 995 401 128 53 546 143 869 81 613 414 258 99 603 534 234 633 174 711 488 58 709 333 181 960 580 910 865 657 288 414 158 611 105 794 220 23 335 201 836 994 518 363 378 934 929 
789 243 571 745 425 865 154 122 399 162 182 170 780 24 79 115 422 602 694 21 256 182 732 591 584 481 440 318 871 212 371 391 437 299 859 501 318 877 416 868 713 675 106 302 992 54 506 176 
466 462 944 231 973 584 601 288 933 536 415 482 447 88 492 347 272 618 238 77 674 329 561 717 669 868 468 693 314 210 471 50 783 8 477 512 591 993 697 468 453 833 657 237 63 866 549 72 
446 990 728 600 705 25 947 304 282 995 217 345 390 631 152 445 379 81 952 665 895 918 143 623 177 517 123 366 829 551 118 232 141 838 94 278 559 182 784 185 73 355 850 287 587 721 51 722 
353 629 977 248 655 814 708 370 643 571 51 669 840 152 152 149 579 366 322 549 577 17 397 570 391 880 73 834 410 827 310 426 838 434 912 107 254 398 66 981 746 816 627 180 67 620 721 800 
806 412 407 403 503 690 491 528 884 811 85 56 353 767 188 437 530 329 389 583 327 537 687 120 885 444 315 277 941 110 272 287 902 123 298 324 540 833 885 581 761 700 826 52 519 301 323 346 
424 41 733 95 382 833 209 636 817 426 799 37 823 253 369 370 305 219 750 347 293 283 982 109 268 998 246 940 262 663 941 607 814 79 542 31 121 624 863 708 805 366 772 357 742 146 427 461 
430 56 471 267 564 558 361 416 212 196 520 125 549 553 907 65 821 320 163 328 179 927 516 229 937 914 411 890 656 834 502 629 48 768 654 636 85 701 923 929 967 632 563 774 333 353 206 749 
602 215 425 949 386 228 627 957 133 351 110 575 720 562 238 335 229 123 763 824 255 907 209 729 466 475 305 73 704 711 671 812 611 55 375 874 239 960 560 299 815 742 808 378 490 317 924 162 
606 935 221 693 404 370 350 84 413 475 632 235 950 684 248 801 131 971 338 848 165 814 268 324 498 782 655 756 985 27 961 884 317 385 461 866 320 965 647 597 607 10 231 21 553 802 798 181 
744 400 117 165 994 635 816 487 732 742 289 454 620 90 337 392 858 966 926 781 668 296 194 577 878 244 951 689 396 333 495 544 799 418 4 349 544 268 649 901 894 202 93 34 13 581 685 507 
757 535 13 104 99 447 525 938 356 440 445 253 561 957 900 401 269 405 34 5 507 498 328 67 131 113 200 760 708 843 16 904 107 0 134 56 667 908 757 772 735 702 587 812 793 616 947 389 
369 319 254 968 299 849 794 880 684 732 486 974 181 894 194 709 302 635 710 881 828 438 858 300 535 973 996 160 299 936 689 331 403 958 666 93 475 253 571 681 561 687 312 512 311 960 931 648 
30 21 113 313 27 472 439 665 48 34 36 440 423 8 27 380 976 483 547 57 47 650 93 880 863 649 787 500 702 2 581 361 547 377 734 908 847 654 966 868 863 509 295 496 233 135 511 670 
726 107 393 497 697 180 117 601 462 926 500 87 357 662 619 414 668 434 703 444 65 626 542 359 928 62 634 515 671 824 269 930 119 407 712 869 35 930 42 829 57 601 54 913 478 578 364 496 
980 823 638 525 127 444 597 452 692 995 129 915 668 52 815 808 657 7 492 385 604 719 648 469 383 661 534 437 402 804 784 687 161 484 903 241 409 165 732 116 172 444 608 137 556 8 303 79 
933 164 472 284 143 311 298 82 1000 604 242 611 193 658 164 721 192 931 343 974 746 524 868 973 211 331 910 909 600 818 476 176 42 709 607 825 791 942 1 89 502 92 23 939 845 873 967 253 
83 782 817 597 375 726 307 302 686 471 824 247 728 875 925 979 180 516 393 290 884 787 884 97 315 303 410 419 753 914 971 66 410 496 665 67 201 713 733 243 773 727 155 395 67 721 678 168 
568 97 15 250 688 24 387 573 631 314 476 338 507 456 868 332 312 103 446 304 590 104 939 385 475 330 983 417 941 635 293 670 996 271 936 34 873 981 396 699 1000 981 512 739 367 382 670 141 
491 477 260 45 571 992 571 444 831 820 810 867 805 364 766 744 814 961 361 995 830 511 378 723 211 263 293 218 51 42 30 978 683 60 160 522 107 937 923 261 707 577 681 852 578 867 676 831 
144 664 455 504 621 886 389 344 415 489 606 130 413 999 985 713 924 670 947 250 826 445 869 862 738 820 390 975 378 39 719 499 464 716 656 226 443 107 655 916 527 297 454 589 770 751 419 141 
75 428 430 510 817 756 664 398 387 870 416 124 189 251 233 975 758 558 885 316 481 124 990 653 557 901 118 994 102 536 67 917 35 32 907 393 571 789 209 942 683 361 46 477 991 610 882 398 
837 411 809 748 325 356 321 426 20 351 361 33 590 536 310 143 530 552 889 694 508 461 726 426 684 29 521 704 896 633 231 42 339 395 316 987 230 692 693 289 789 70 901 891 75 666 642 257 
582 627 165 816 512 106 342 970 282 921 91 26 212 840 702 830 144 937 568 523 910 698 56 424 504 522 257 298 69 519 407 672 249 473 272 599 602 320 776 79 869 714 226 162 713 692 94 814 
18 40 210 134 482 945 419 872 369 277 378 750 544 690 595 869 153 145 436 228 255 379 119 655 461 869 674 379 774 122 793 228 704 76 106 90 524 942 434 654 154 743 15 760 134 185 514 45 
480 538 421 384 620 764 849 987 844 478 131 440 28 271 89 700 563 728 395 745 751 405 398 858 662 168 874 603 147 13 914 256 977 384 742 503 772 427 288 19 837 945 576 925 244 220 600 982 
464 514 436 148 601 526 929 21 520 375 407 369 815 124 333 481 161 522 865 311 720 529 613 618 615 511 466 640 123 52 112 481 368 529 597 700 651 169 287 809 395 24 78 379 834 940 221 556 
908 567 267 86 402 966 171 774 862 992 477 683 562 263 736 790 742 503 201 764 939 732 850 802 43 351 306 504 300 824 141 769 332 35 442 69 689 310 632 868 351 837 299 436 386 615 958 97 
672 679 378 518 430 758 109 711 463 962 49 375 242 875 771 269 172 489 831 320 116 343 780 938 625 277 631 42 89 279 648 512 487 463 679 371 498 528 406 900 272 769 219 646 620 135 905 126 
403 590 154 655 683 846 43 205 321 910 391 666 832 903 523 799 872 42 199 285 970 266 727 389 595 526 742 256 587 120 184 534 361 844 86 179 521 276 967 223 846 644 245 760 499 132 682 377 
15 443 249 509 343 194 907 589 383 826 286 907 965 548 163 608 415 326 106 491 226 566 413 259 165 755 75 535 848 761 337 527 466 795 153 48 781 950 163 566 153 99 478 318 506 347 715 853 
230 957 852 6 322 850 950 915 344 831 308 489 625 585 552 979 541 331 453 405 906 170 561 511 454 619 483 767 629 916 355 165 39 225 33 369 738 737 671 765 684 561 584 614 716 606 297 59 
855 332 437 896 479 434 811 802 134 963 685 490 212 593 983 361 371 992 47 777 861 779 845 458 842 209 764 986 935 296 867 546 116 178 671 332 986 529 208 941 133 816 213 74 538 193 816 118 
319 427 569 920 743 996 589 87 513 882 249 374 557 544 933 74 537 92 407 77 577 711 429 820 163 232 948 69 81 264 715 564 9 805 490 569 371 147 136 138 424 255 395 638 260 500 812 939 
689 136 177 254 808 446 528 518 763 43 985 576 986 767 186 420 397 443 449 197 397 404 834 223 661 377 302 123 654 994 671 86 647 208 995 743 426 405 674 709 237 453 694 720 589 663 59 596 
737 559 835 357 195 672 675 138 812 339 351 467 541 590 261 119 842 255 619 975 642 465 623 517 254 235 669 383 898 857 804 124 844 885 514 832 752 331 971 540 294 867 607 329 393 797 511 34 
948 854 293 876 802 507 775 191 719 7 246 738 847 724 7 961 306 315 634 485 39 702 944 270 89 466 679 127 876 593 665 950 259 423 271 927 714 292 909 108 156 223 775 977 569 317 105 183 
804 527 293 880 700 311 666 34 949 9 128 301 792 900 615 435 574 425 762 361 587 378 389 829 601 175 558 52 596 956 179 794 48 32 337 926 774 688 58 453 714 211 528 108 199 640 367 656 
521 426 779 177 559 470 489 37 912 469 175 469 660 636 895 917 317 981 361 233 764 508 689 808 998 359 200 508 500 882 777 964 290 361 495 185 497 274 540 342 248 340 689 961 948 294 829 599 
450 35 233 759 839 714 239 501 771 581 947 802 348 226 81 834 578 946 154 161 402 439 43 209 332 806 643 77 258 135 611 277 322 492 248 686 364 189 504 858 242 105 318 522 271 423 630 399 
966 263 688 965 943 820 354 557 920 516 328 127 378 41 312 513 370 488 241 223 370 25 865 594 980 210 348 490 523 749 889 711 10 237 306 947 513 8 410 162 595 431 786 178 496 834 58 319 
330 202 530 866 290 256 349 816 320 274 816 548 757 367 968 418 363 365 434 216 908 7 326 460 713 350 535 584 262 603 885 303 768 716 178 397 545 178 627 283 428 44 515 563 558 969 31 884 
238 984 246 701 118 352 799 273 984 176 374 988 197 319 675 995 280 622 471 830 696 505 953 149 502 316 189 159 974 660 422 801 618 268 663 823 536 461 377 347 889 388 527 789 813 16 166 577 
765 412 966 256 233 152 168 485 570 721 597 513 921 16 592 579 844 705 619 759 15 280 519 81 470 771 285 147 21 79 266 624 947 626 175 735 842 306 554 754 692 259 507 560 307 351 52 222 
494 678 999 505 812 172 2 471 808 481 364 510 669 954 676 100 586 904 154 878 140 296 709 278 492 978 907 257 178 918 17 657 774 84 966 552 638 232 780 963 72 515 22 610 529 968 269 893 
4 461 644 845 412 192 615 833 158 290 265 587 776 915 757 462 390 194 636 411 613 501 858 391 467 175 471 676 309 451 505 276 825 353 665 501 137 798 365 581 178 186 328 288 271 539 919 345 
612 377 402 885 48 753 890 720 497 137 462 487 381 205 489 652 495 3 982 317 196 593 906 547 71 965 60 917 30 931 534 668 540 51 139 528 454 970 172 830 229 118 435 583 578 444 173 342 
970 351 314 469 666 268 90 677 187 557 909 257 560 172 9 976 41 1 469 454 209 546 323 730 292 204 374 524 134 647 628 58 825 499 924 945 820 247 359 99 171 941 861 649 824 816 75 411 
11
41 19 36 15
14 19 54 18
13 21 28 28
1 19 51 15
67 19 2 10
13 31 41 14
68 18 5 31
67 5 6 19
42 44 4 4
62 10 16 13
62 44 20 3
