96 36
451 78 299 38 122 500 230 751 73 3 913 904 277 77 932 306 48 604 611 215 972 402 71 646 625 165 991 732 37 569 609 772 109 651 389 642 
79 73 268 310 677 601 33 201 421 186 917 987 447 128 313 899 622 577 67 310 599 953 573 133 548 807 639 31 361 368 50 773 77 661 648 275 
252 991 379 482 200 365 945 913 787 383 499 523 321 358 355 415 957 452 24 739 21 902 806 610 327 322 664 67 920 300 650 983 704 649 239 179 
295 226 33 945 673 407 23 709 812 120 140 729 455 720 477 596 765 703 687 163 159 974 559 655 77 499 937 161 497 623 592 484 788 384 849 803 
69 82 962 153 558 769 10 471 740 592 548 38 693 795 504 270 309 93 80 747 951 499 20 992 397 332 426 609 15 129 640 921 711 333 661 524 
163 621 402 456 225 9 601 160 712 972 64 898 587 554 54 520 875 222 260 984 204 238 480 527 922 757 35 64 156 452 425 35 424 202 396 950 
361 750 481 342 126 496 555 935 305 69 789 968 375 61 194 832 809 172 974 26 176 235 782 451 740 574 363 663 336 36 924 813 688 432 48 987 
177 44 806 394 77 192 871 575 119 881 413 623 139 805 138 126 585 742 0 157 146 405 743 199 295 327 29 355 781 515 377 256 295 560 705 682 
607 521 837 117 762 752 151 833 418 850 159 132 944 190 932 179 571 492 638 401 626 485 141 749 515 764 291 865 317 925 313 857 635 284 238 127 
830 951 761 123 435 658 26 637 921 434 664 906 33 956 74 576 383 919 268 822 592 316 891 491 538 230 542 900 199 24 373 689 312 964 972 753 
276 152 892 992 646 65 401 378 119 285 358 321 223 453 596 321 748 881 228 424 920 775 152 181 164 385 21 645 127 745 364 162 593 299 974 573 
914 618 255 31 710 751 8 726 797 911 364 856 548 479 103 654 91 328 549 933 432 584 445 863 125 194 634 921 332 966 182 40 715 568 662 690 
460 520 295 168 420 795 725 481 60 764 330 721 141 865 989 836 200 681 920 967 559 210 855 517 8 62 438 552 443 125 432 361 642 807 969 48 
546 77 941 855 977 432 937 190 295 568 106 697 497 307 202 868 139 839 218 566 168 340 411 80 215 711 760 916 772 926 58 791 615 467 863 549 
493 553 966 650 505 93 123 450 382 464 798 767 245 659 27 601 185 654 515 828 286 477 953 615 456 769 544 842 473 352 986 794 368 502 942 709 
122 301 169 478 480 197 693 356 186 660 703 548 468 430 385 547 843 729 167 169 601 67 419 935 895 855 183 210 189 760 871 1 431 258 960 23 
244 657 622 883 204 568 42 722 989 939 400 15 530 769 944 885 412 654 424 297 322 775 386 74 578 381 774 919 647 241 853 986 365 96 65 349 
470 787 433 830 548 284 217 770 661 636 196 989 392 409 517 447 657 914 226 51 720 996 415 405 444 731 795 655 160 79 253 784 87 986 902 763 
715 150 184 633 215 785 694 363 608 845 668 184 202 14 394 199 833 866 515 428 370 209 375 241 976 8 367 236 89 982 593 272 622 56 186 185 
102 138 318 15 691 782 328 73 723 27 960 759 229 35 334 182 699 572 563 344 195 125 395 779 912 858 30 31 966 361 330 32 428 357 330 138 
304 884 964 697 856 110 103 569 724 915 85 681 367 185 382 956 29 776 13 773 715 639 58 102 6 265 201 330 229 43 844 787 676 385 256 662 
226 890 922 653 757 490 997 961 984 152 33 456 723 616 174 336 62 293 695 940 773 541 400 730 946 742 348 670 597 891 636 865 127 466 297 158 
6 853 774 551 611 253 564 413 349 403 785 612 447 257 542 916 387 330 272 169 740 262 716 681 158 314 544 959 254 883 552 420 978 135 138 268 
719 269 403 990 14 473 27 764 558 708 319 266 269 820 119 344 649 828 403 311 748 409 639 619 761 651 65 632 6 844 28 483 705 394 565 797 
654 261 833 510 752 230 860 675 609 35 45 503 432 133 776 235 318 768 328 811 469 228 655 644 933 318 129 528 163 558 442 309 237 252 348 532 
49 680 906 688 689 637 581 124 520 343 519 255 384 822 766 255 129 69 929 964 951 213 873 820 356 163 74 655 296 560 468 857 934 320 255 771 
91 799 797 768 268 831 966 92 966 577 117 964 162 781 933 14 293 814 705 267 739 817 348 148 662 877 571 211 289 420 880 249 696 595 717 956 
704 176 559 858 970 144 237 703 446 496 507 819 224 920 21 802 169 806 738 434 465 937 577 407 460 658 808 636 682 406 906 29 46 900 861 524 
544 942 520 265 262 26 927 849 838 232 233 378 968 415 891 873 927 373 826 8 192 979 506 832 525 926 884 824 183 790 811 44 398 758 110 730 
86 128 790 437 524 760 232 241 117 140 775 684 777 129 204 79 164 268 232 395 798 745 915 459 462 45 669 438 70 957 573 197 61 556 337 836 
974 350 186 654 270 415 737 480 568 458 78 496 247 93 683 8 840 232 277 345 103 337 136 172 399 473 811 794 527 6 398 953 706 691 219 643 
539 148 770 322 421 981 767 365 984 18 875 11 287 129 467 386 317 545 967 107 519 821 149 136 751 119 708 559 6 779 463 253 436 453 451 602 
488 893 661 612 105 551 468 928 874 218 991 37 713 547 560 964 600 142 926 662 142 270 587 871 258 509 270 820 406 915 738 898 486 494 310 919 
16 670 711 611 835 183 575 512 570 370 696 910 906 365 491 298 95 306 738 706 611 293 534 436 90 60 702 706 693 129 806 725 48 827 494 366 
762 751 220 518 361 42 738 977 997 46 146 528 410 488 977 327 41 909 570 747 58 154 530 121 689 778 721 494 465 883 559 891 19 487 147 108 
21 534 432 381 203 54 472 60 550 339 233 861 562 239 503 628 551 137 523 157 351 460 375 244 462 968 25 267 533 533 58 302 91 816 901 200 
950 96 530 159 440 63 821 88 12 479 407 768 734 687 98 13 118 569 308 482 900 153 396 711 528 663 933 139 102 6 383 165 694 454 128 640 
408 601 633 447 268 393 371 354 709 952 582 219 732 807 335 272 99 451 755 145 56 431 966 479 252 491 969 194 456 42 31 15 976 301 476 763 
30 384 230 121 506 758 90 20 494 977 224 168 521 347 568 564 941 761 102 673 141 596 125 800 557 292 806 148 331 48 741 784 35 631 773 774 
87 404 179 994 740 460 20 749 612 325 681 410 95 149 771 830 93 326 171 681 879 532 974 863 861 871 197 382 584 950 62 622 612 923 459 428 
636 4 250 410 428 20 788 782 206 934 406 613 835 950 601 662 603 135 539 66 879 536 730 87 273 198 914 678 373 290 981 477 646 874 926 512 
16 801 966 372 785 289 668 707 759 680 431 486 210 580 783 895 102 545 605 818 265 869 354 242 126 426 585 947 265 493 66 495 824 774 137 590 
642 967 753 556 983 669 385 288 10 183 938 507 711 815 936 148 20 235 162 432 559 247 22 300 86 71 649 766 964 457 138 442 889 821 16 891 
496 544 241 595 345 99 780 880 547 996 217 574 564 203 391 592 287 352 423 862 468 448 188 546 11 370 859 852 933 278 152 937 15 400 686 322 
856 795 774 216 386 210 530 449 953 724 785 356 595 808 502 668 864 243 156 82 207 239 97 134 276 609 11 471 922 543 994 570 748 840 657 10 
670 524 126 786 73 646 360 380 698 152 353 353 965 976 32 850 723 468 768 527 924 653 516 293 262 482 79 36 789 642 920 41 566 473 583 514 
846 69 886 344 741 870 187 473 350 679 782 403 396 461 636 390 711 358 747 963 547 670 712 869 45 448 1 584 112 801 852 221 282 257 78 214 
801 176 594 237 840 550 645 793 262 565 844 742 299 244 855 324 420 824 508 338 885 82 619 463 74 457 267 89 636 518 935 187 150 968 748 716 
346 567 286 828 550 333 651 990 592 670 416 248 988 812 258 844 234 205 237 264 351 864 749 487 518 732 199 276 465 875 997 165 550 809 176 869 
362 791 166 195 377 836 813 96 21 235 812 234 322 317 274 594 306 385 389 701 837 680 568 516 614 736 747 496 225 196 738 298 53 170 407 78 
419 514 114 314 756 433 923 955 675 492 424 348 232 384 336 616 535 659 277 437 399 596 310 216 181 490 672 995 590 173 713 11 105 847 668 44 
294 422 934 633 648 175 128 180 823 374 384 566 385 66 519 385 287 972 852 548 789 757 632 386 926 181 332 966 325 756 37 779 468 688 566 25 
629 590 781 766 497 134 971 480 927 938 496 672 942 321 385 308 453 171 283 662 149 577 832 890 65 797 63 236 772 926 185 807 306 858 54 805 
547 383 589 739 57 819 894 424 957 311 833 501 409 273 303 297 550 682 425 63 76 835 276 158 635 301 742 779 194 882 101 548 255 314 642 847 
181 158 408 794 594 606 705 254 453 386 56 525 610 293 969 953 942 103 11 841 151 924 38 398 107 195 823 477 38 796 912 436 528 447 956 689 
780 550 888 352 887 935 717 868 476 883 377 414 540 883 293 335 874 900 48 776 629 645 604 624 249 432 500 322 627 14 199 308 166 695 120 236 
635 713 407 604 701 924 471 430 315 553 421 189 760 488 68 679 966 650 310 781 695 567 420 713 572 297 547 339 279 326 786 470 861 294 0 37 
559 831 188 166 746 337 180 30 697 474 774 1 297 264 83 291 589 689 269 205 17 303 155 26 632 407 116 539 85 153 115 22 729 493 316 652 
872 297 570 717 766 795 954 557 692 319 20 727 338 553 289 522 127 145 401 371 876 169 724 320 600 542 856 644 82 3 21 364 562 331 869 128 
983 650 44 548 193 18 229 478 17 857 572 837 682 982 198 926 859 725 807 610 524 817 333 802 159 663 585 376 191 386 837 962 498 652 800 305 
466 136 830 162 631 504 853 918 235 868 417 473 358 716 472 800 274 439 146 892 695 714 404 417 755 304 716 142 716 417 620 343 945 290 629 216 
379 606 925 985 373 376 410 613 554 465 412 732 303 442 372 596 827 400 256 667 488 973 498 151 651 501 19 566 98 934 243 568 865 745 18 116 
40 710 803 172 351 28 964 641 889 701 837 354 887 908 501 636 456 120 654 693 776 667 892 4 17 359 974 170 416 975 686 49 684 649 444 532 
322 611 48 619 347 399 115 896 669 630 144 18 550 578 198 559 761 885 983 346 32 172 400 793 232 292 122 174 847 547 190 361 174 477 232 945 
347 355 527 235 837 164 574 902 431 751 304 766 940 861 885 462 302 609 320 167 239 899 108 271 840 127 119 557 607 245 197 288 537 164 612 619 
784 583 494 25 589 884 950 884 52 243 102 83 550 951 542 845 762 469 71 41 64 155 52 568 719 594 210 974 920 324 183 107 34 164 786 523 
813 796 598 507 294 152 990 334 796 318 359 605 324 150 815 48 696 769 90 132 276 85 447 452 798 108 274 257 108 921 650 180 188 410 927 458 
60 386 485 256 95 201 809 309 645 28 200 775 735 146 20 215 506 545 934 830 774 163 667 175 394 15 667 912 102 960 628 640 881 5 436 549 
596 134 678 46 312 400 792 357 479 104 174 601 302 213 810 131 482 971 888 465 477 876 797 815 32 310 876 186 481 752 808 301 479 21 971 195 
909 560 947 590 529 30 833 831 223 597 67 510 916 60 210 12 403 134 113 112 697 373 591 46 49 573 146 727 225 73 703 892 415 951 663 863 
45 358 291 203 24 612 872 36 307 594 128 997 356 370 544 420 436 635 707 665 644 886 911 961 880 343 372 87 746 283 586 543 225 418 592 306 
128 650 178 645 248 307 146 87 980 365 656 271 96 477 844 242 48 582 879 794 784 517 491 965 744 208 946 66 356 589 259 16 151 835 117 453 
362 246 251 242 316 639 870 327 350 800 165 799 715 493 737 407 844 529 50 729 184 584 86 319 761 85 300 435 642 236 404 704 308 826 441 708 
874 653 454 432 434 872 582 847 23 657 760 106 265 745 262 402 39 740 998 842 796 227 733 751 551 128 662 561 101 770 199 223 823 75 590 28 
620 62 692 921 22 851 863 649 551 777 878 234 680 683 252 770 647 909 324 376 288 256 572 315 998 171 223 344 2 311 39 272 476 55 370 844 
221 791 549 122 32 139 74 29 412 421 71 691 61 599 794 13 666 575 724 176 610 168 490 591 180 442 683 385 665 105 768 464 263 401 230 328 
76 918 97 83 998 169 522 316 823 869 137 389 221 243 822 214 322 2 192 302 854 286 308 305 354 101 196 118 257 607 903 930 346 245 619 246 
604 84 788 750 540 130 834 516 365 628 419 951 344 285 538 839 121 869 760 94 803 712 302 231 973 481 945 982 334 887 849 390 327 531 434 279 
328 370 107 164 231 832 717 30 450 405 213 318 77 421 526 472 569 977 891 186 644 97 581 723 568 181 952 880 460 872 138 788 925 149 934 864 
622 635 232 227 920 122 391 619 214 383 3 281 510 772 308 922 375 737 419 252 135 43 636 368 963 885 693 609 572 395 236 698 739 555 660 498 
388 772 988 435 692 398 382 552 518 549 648 134 997 887 445 856 693 226 295 62 989 84 742 940 74 348 749 504 510 313 278 660 527 524 198 954 
396 850 24 909 576 334 959 338 5 241 760 413 660 587 335 397 94 189 838 627 330 349 891 413 0 576 215 717 303 658 641 120 613 59 879 692 
703 522 297 745 829 968 48 521 83 27 175 623 33 393 118 444 743 52 96 44 1 745 511 61 251 759 742 700 30 295 272 838 478 818 736 914 
826 436 644 370 983 83 717 221 488 564 836 20 541 213 544 837 704 164 51 213 201 251 141 213 63 87 176 201 520 763 562 635 19 964 254 74 
735 601 77 961 72 836 624 437 257 427 161 458 966 648 311 349 814 667 701 410 791 114 620 295 269 741 78 718 368 864 912 133 753 262 390 160 
333 493 228 372 982 863 829 128 842 219 938 827 251 844 822 388 223 794 540 491 205 974 537 791 553 867 821 707 10 592 796 635 746 819 512 422 
107 796 968 825 846 370 899 602 300 990 859 472 38 541 253 612 633 523 469 447 861 965 771 343 46 954 126 487 188 568 452 106 324 73 217 549 
364 273 70 552 722 357 913 747 846 656 397 340 156 22 888 95 307 566 404 510 169 17 19 312 264 909 139 801 151 854 964 118 245 364 652 473 
165 833 364 377 448 969 518 280 680 949 818 906 837 548 268 803 43 91 801 787 715 274 312 806 611 192 341 787 531 227 220 21 518 612 278 494 
317 987 276 426 139 614 502 801 61 525 764 206 574 525 72 288 740 511 25 75 348 927 702 417 401 712 262 775 762 465 1000 780 854 424 655 897 
565 906 400 526 258 788 140 889 289 772 919 539 207 466 246 425 248 259 674 103 496 612 585 968 911 2 619 939 655 732 810 261 285 347 45 789 
165 631 26 619 220 127 908 492 179 664 791 118 820 706 103 226 123 396 375 691 543 465 709 435 985 38 482 952 399 975 126 113 924 759 433 876 
227 459 619 387 856 630 324 16 544 620 848 924 49 64 198 491 536 612 62 284 509 206 527 789 833 193 610 45 867 878 217 472 470 209 585 957 
161 303 159 431 526 725 719 358 179 501 207 771 596 571 746 997 883 572 712 779 338 513 477 629 528 637 619 404 404 719 144 280 689 356 720 534 
641 50 335 243 347 117 463 855 932 836 310 633 898 885 856 787 706 17 924 190 311 890 462 325 318 314 58 875 960 937 282 416 590 470 735 788 
113 741 612 459 375 684 789 485 543 156 955 603 492 100 893 611 874 228 745 277 264 14 367 333 898 395 502 296 845 427 503 486 440 934 945 425 
10
13 16 18 5
33 30 6 4
45 14 3 20
31 8 56 9
68 2 10 21
89 35 7 2
34 20 39 12
63 28 9 6
91 10 2 12
38 15 12 17
